{
	"url": "https://qa-api.bentley.com/schedules/3497df55-60e9-44fd-91ec-3c86473884f5/animation-3d-transforms?$top=10000",
	"verb": "GET",
	"connectedSuccessfully": true,
	"responseCode": 200
,
	"reply": 
{"animation3dTransforms":[{"id":"06aa9c3b-efe8-4efc-9d1a-5e1956725c0c","transform":[1.0,0.0,0.0,2.576052793301642E-08,0.0,1.0,0.0,44.472625732421875,0.0,0.0,1.0,5.29657597780897E-07,0.0,0.0,0.0,1.0]},{"id":"27277467-eeea-481e-9b1d-a8705d01bcb2","transform":[0.8017144799232483,-0.3085581362247467,0.5118951201438904,16117.5634765625,0.5975719690322876,0.43138447403907776,-0.6758723258972168,-1265.9549560546875,-0.012275973334908485,0.8477559685707092,0.5302343964576721,-26368.501953125,0.0,0.0,0.0,1.0]},{"id":"56ab79ed-cc6c-49d6-8ca2-53ce0e160d5a","transform":[2.4677515029907227,0.7376427054405212,1.230682373046875,-70655.8828125,0.0,0.8577250838279724,-0.5141006708145142,4428.60302734375,-0.34779518842697144,0.464740514755249,0.7753726840019226,-3473.034912109375,0.0,0.0,0.0,1.0]},{"id":"585d8fa4-4830-43fb-a354-eb853d748988","transform":[1.0,0.0,0.0,111.45409393310547,0.0,1.0,0.0,-69.49564361572266,0.0,0.0,1.0,-6.539374351501465,0.0,0.0,0.0,1.0]},{"id":"6b93f26c-a1e5-46e9-9a38-721d752d75d9","transform":[0.9669756293296814,-0.254865437746048,0.0,9184.537109375,0.254865437746048,0.9669756293296814,0.0,-7241.5810546875,0.0,0.0,1.0,0.0,0.0,0.0,0.0,1.0]},{"id":"6fd39f9b-cfdf-4f41-938a-aaf16a754220","transform":[1.0,0.0,0.0,1.2882082955911756E-08,0.0,1.0,0.0,-168.62924194335938,0.0,0.0,1.0,2.648287988904485E-07,0.0,0.0,0.0,1.0]},{"id":"8044fc1a-d16c-41f8-9d5b-4c34ba67fde1","transform":[0.8660253882408142,-0.5,0.0,20232.388671875,0.5,0.8660253882408142,0.0,-11964.494140625,0.0,0.0,1.0,0.0,0.0,0.0,0.0,1.0]},{"id":"f668ff81-cd58-4d1a-99d1-5629a62ad57a","transform":[-0.7457712888717651,0.417989045381546,-0.518724799156189,43104.25,-0.0503242053091526,0.7410812973976135,0.6695047616958618,9790.4765625,0.6642747521400452,0.5254114866256714,-0.5316425561904907,-37967.125,0.0,0.0,0.0,1.0]}],"_links":{"self":{"href":"https://qa-api.bentley.com/schedules/3497df55-60e9-44fd-91ec-3c86473884f5/animation-3d-transforms?$top=10000"}}}
}