{
	"url": "https://qa-es-api.bentley.com/4dschedule/v1/schedules/3497df55-60e9-44fd-91ec-3c86473884f5/animation3dTransforms?pageSize=10000",
	"verb": "GET",
	"connectedSuccessfully": true,
	"responseCode": 200
,
	"reply": 
{"items":[{"id":"06aa9c3b-efe8-4efc-9d1a-5e1956725c0c","transform":[1,0,0,2.5760528E-08,0,1,0,44.472626,0,0,1,5.296576E-07,0,0,0,1]},{"id":"27277467-eeea-481e-9b1d-a8705d01bcb2","transform":[0.8017145,-0.30855814,0.5118951,16117.563,0.59757197,0.43138447,-0.6758723,-1265.955,-0.012275973,0.84775597,0.5302344,-26368.502,0,0,0,1]},{"id":"56ab79ed-cc6c-49d6-8ca2-53ce0e160d5a","transform":[2.4677515,0.7376427,1.2306824,-70655.88,0,0.8577251,-0.5141007,4428.603,-0.3477952,0.4647405,0.7753727,-3473.035,0,0,0,1]},{"id":"585d8fa4-4830-43fb-a354-eb853d748988","transform":[1,0,0,111.454094,0,1,0,-69.49564,0,0,1,-6.5393744,0,0,0,1]},{"id":"6b93f26c-a1e5-46e9-9a38-721d752d75d9","transform":[0.9669756,-0.25486544,0,9184.537,0.25486544,0.9669756,0,-7241.581,0,0,1,0,0,0,0,1]},{"id":"6fd39f9b-cfdf-4f41-938a-aaf16a754220","transform":[1,0,0,1.2882083E-08,0,1,0,-168.62924,0,0,1,2.648288E-07,0,0,0,1]},{"id":"8044fc1a-d16c-41f8-9d5b-4c34ba67fde1","transform":[0.8660254,-0.5,0,20232.389,0.5,0.8660254,0,-11964.494,0,0,1,0,0,0,0,1]},{"id":"f668ff81-cd58-4d1a-99d1-5629a62ad57a","transform":[-0.7457713,0.41798905,-0.5187248,43104.25,-0.050324205,0.7410813,0.66950476,9790.477,0.66427475,0.5254115,-0.53164256,-37967.125,0,0,0,1]}],"nextPageToken":null}
}